10,254
10,138
10,171
10,224
10,98
10,28
10,128
10,253
11,8
11,6
11,2
11,3
9,5
8,11
8,8
8,13
8,18
8,16
8,12
51,3
51,2
51,1
51,0
50,3
50,2
50,1
50,0
44,3
44,2
44,1
44,0
43,3
43,2
43,1
43,0
20,3
20,2
20,1
19,3
19,2
19,1
17,3
17,2
17,1
16,3
16,2
16,1
15,3
15,2
15,1
14,2
13,2
12,3
12,2
12,1
11,30
11,29
11,28
11,27
11,26
11,25
11,24
11,23
11,22
11,21
11,20
11,19
11,18
11,17
11,16
11,15
11,14
11,13
11,12
11,11
11,1
11,10
18,1
10,304
10,298
18,3
14,1
10,285
14,3
13,1
10,228
10,178
13,3
10,129
10,87
10,1
10,82
10,3
10,2
9,7
9,6
9,4
9,3
9,2
9,1
8,15
8,14
8,1
8,7
8,3
8,2
3,3
3,2
3,1
2,3
2,2
2,1
